{
    "camera_angle_x": 0.7837716029320242,
    "camera_angle_y": 0.6011124415314719,
    "fl_x": 871.1200489057961,
    "fl_y": 871.1200489057961,
    "k1": -0.018152958845628377,
    "k2": 0,
    "p1": 0,
    "p2": 0,
    "cx": 360.0,
    "cy": 270.0,
    "w": 720.0,
    "h": 540.0,
    "aabb_scale": 16,
    "frames": [
        {
            "file_path": "train/frame01_0044",
            "sharpness": 220.32414971030417,
            "transform_matrix": [
                [
                    -0.9311241587272536,
                    0.10556760484196173,
                    0.3490892176026647,
                    1.0535201738194957
                ],
                [
                    0.3275244127900155,
                    -0.17899283688082873,
                    0.9277334333589087,
                    3.6456981707185463
                ],
                [
                    0.16042306587471963,
                    0.9781702536660992,
                    0.13208858687335434,
                    0.6315380209097164
                ],
                [
                    0.0,
                    0.0,
                    0.0,
                    1.0
                ]
            ]
        },
        {
            "file_path": "train/frame22_0036",
            "sharpness": 334.45362070473254,
            "transform_matrix": [
                [
                    -0.823414952423028,
                    0.5347961071472411,
                    -0.1896864252137843,
                    -0.726113233490742
                ],
                [
                    -0.5502780805337901,
                    -0.6709839921571137,
                    0.4969653069912928,
                    2.1245971513417876
                ],
                [
                    0.13849855671822014,
                    0.5135889465820882,
                    0.8467848272965904,
                    3.708141679992837
                ],
                [
                    0.0,
                    0.0,
                    0.0,
                    1.0
                ]
            ]
        },
        {
            "file_path": "train/frame31_0033",
            "sharpness": 131.7547117969822,
            "transform_matrix": [
                [
                    0.9375434692038083,
                    0.0790314717732734,
                    0.33877170753574315,
                    1.2920760735342045
                ],
                [
                    0.32036512524167066,
                    0.18335906730792356,
                    -0.9293791685662299,
                    -3.8075620844979428
                ],
                [
                    -0.1355670678512768,
                    0.9798640104163573,
                    0.14658816872116695,
                    0.48972314681070844
                ],
                [
                    0.0,
                    0.0,
                    0.0,
                    1.0
                ]
            ]
        },
        {
            "file_path": "train/frame11_0023",
            "sharpness": 159.27071936347355,
            "transform_matrix": [
                [
                    0.40359989468519897,
                    -0.016404743606914164,
                    0.9147885052848735,
                    3.5774854607296693
                ],
                [
                    0.9133156669631881,
                    0.06669456065471578,
                    -0.4017540641470371,
                    -1.4132990636605836
                ],
                [
                    -0.054420745036590876,
                    0.997638571813607,
                    0.041900627005027793,
                    0.1713981396817668
                ],
                [
                    0.0,
                    0.0,
                    0.0,
                    1.0
                ]
            ]
        },
        {
            "file_path": "train/frame02_0016",
            "sharpness": 84.42993305324285,
            "transform_matrix": [
                [
                    0.0313987948857193,
                    -0.5553860313874863,
                    0.8309996822041681,
                    2.9654685506670675
                ],
                [
                    0.9950749934990343,
                    -0.06083849982743749,
                    -0.07825876469536147,
                    -0.0713267404269831
                ],
                [
                    0.09402059876782279,
                    0.8293642342676913,
                    0.5507404959951209,
                    1.8909792587929066
                ],
                [
                    0.0,
                    0.0,
                    0.0,
                    1.0
                ]
            ]
        },
        {
            "file_path": "train/frame02_0021",
            "sharpness": 90.96949824954037,
            "transform_matrix": [
                [
                    -0.4391379572504859,
                    -0.46483189722431645,
                    0.7688232318477103,
                    2.7288098999466155
                ],
                [
                    0.8831904665965314,
                    -0.38024976543481503,
                    0.2745627716930494,
                    1.1131444375510977
                ],
                [
                    0.16471931949768132,
                    0.7995882835641497,
                    0.577517205436516,
                    2.1911798148479944
                ],
                [
                    0.0,
                    0.0,
                    0.0,
                    1.0
                ]
            ]
        },
        {
            "file_path": "train/frame1h_0009",
            "sharpness": 62.20974762220786,
            "transform_matrix": [
                [
                    -0.44291829609095196,
                    -0.7498159237743465,
                    0.4915276832960239,
                    2.3225217937432
                ],
                [
                    0.896188668057799,
                    -0.3860879191388603,
                    0.2185909191613718,
                    0.7864489504829959
                ],
                [
                    0.025869948463239124,
                    0.5373194572625091,
                    0.842981937302145,
                    3.7427529282595073
                ],
                [
                    0.0,
                    0.0,
                    0.0,
                    1.0
                ]
            ]
        },
        {
            "file_path": "train/frame11_0035",
            "sharpness": 94.59539996546832,
            "transform_matrix": [
                [
                    -0.0559999821498122,
                    -0.03284035051457519,
                    0.9978905317625506,
                    3.6751088424162983
                ],
                [
                    0.9981029986057973,
                    -0.027449051230288544,
                    0.05510856340599721,
                    0.3049246559969826
                ],
                [
                    0.02558136378996249,
                    0.999083610599573,
                    0.034315198702788374,
                    0.19722121624558092
                ],
                [
                    0.0,
                    0.0,
                    0.0,
                    1.0
                ]
            ]
        },
        {
            "file_path": "train/frame22_0050",
            "sharpness": 245.92303480581276,
            "transform_matrix": [
                [
                    -0.8990853631867378,
                    -0.16356461375931614,
                    0.4060691158327397,
                    1.5929305728354375
                ],
                [
                    0.3856647780361037,
                    -0.7348444797580151,
                    0.5579124210407359,
                    2.347731675601687
                ],
                [
                    0.20714291851085392,
                    0.6582174471227524,
                    0.7237690264290519,
                    2.9314369060204037
                ],
                [
                    0.0,
                    0.0,
                    0.0,
                    1.0
                ]
            ]
        },
        {
            "file_path": "train/frame32_0023",
            "sharpness": 32.59053752682491,
            "transform_matrix": [
                [
                    0.912613746771404,
                    0.3700296418324301,
                    -0.17382236154553884,
                    -0.7902331556815972
                ],
                [
                    -0.3850242482619658,
                    0.6349827030893888,
                    -0.669741214968588,
                    -3.019216461945669
                ],
                [
                    -0.13744990890367578,
                    0.6781408636449066,
                    0.7219643284826174,
                    3.1646994824003842
                ],
                [
                    0.0,
                    0.0,
                    0.0,
                    1.0
                ]
            ]
        },
        {
            "file_path": "train/frame2h_0008",
            "sharpness": 181.51881866289014,
            "transform_matrix": [
                [
                    -0.7894517914432277,
                    0.5772772842918001,
                    -0.20860682163296349,
                    -0.8193550736999802
                ],
                [
                    -0.59994379433753,
                    -0.6538506507302311,
                    0.4610279494515926,
                    1.7474913632199924
                ],
                [
                    0.12974325657055438,
                    0.4891117086951307,
                    0.8625174918781894,
                    3.510677687553753
                ],
                [
                    0.0,
                    0.0,
                    0.0,
                    1.0
                ]
            ]
        },
        {
            "file_path": "train/frame12_0036",
            "sharpness": 137.4438678586587,
            "transform_matrix": [
                [
                    -0.39793703845276307,
                    -0.4799594671201912,
                    0.7818471867015904,
                    3.043054842536835
                ],
                [
                    0.9109614275655465,
                    -0.30761337584095255,
                    0.2748150077624476,
                    1.017867477861566
                ],
                [
                    0.1086065878107321,
                    0.821591699647149,
                    0.5596353171120139,
                    1.9964717277329185
                ],
                [
                    0.0,
                    0.0,
                    0.0,
                    1.0
                ]
            ]
        },
        {
            "file_path": "train/frame11_0030",
            "sharpness": 172.28605663420817,
            "transform_matrix": [
                [
                    0.11159653212836053,
                    -0.04189889299773798,
                    0.9928699294401726,
                    3.6081344541811213
                ],
                [
                    0.9937268510250508,
                    -0.002625331066594743,
                    -0.11180363674150952,
                    -0.3593480919149988
                ],
                [
                    0.007291060883437487,
                    0.9991184065997385,
                    0.04134307715735688,
                    0.15581337558604705
                ],
                [
                    0.0,
                    0.0,
                    0.0,
                    1.0
                ]
            ]
        },
        {
            "file_path": "train/frame22_0039",
            "sharpness": 51.3378211962668,
            "transform_matrix": [
                [
                    -0.9342392216240621,
                    0.35359286283963404,
                    -0.04657428616934103,
                    -0.2069769924438431
                ],
                [
                    -0.32064545888581647,
                    -0.7755637201593868,
                    0.543771464558813,
                    2.03064350536095
                ],
                [
                    0.15615238223858924,
                    0.5229464631518494,
                    0.8379399920055316,
                    3.377337515942695
                ],
                [
                    0.0,
                    0.0,
                    0.0,
                    1.0
                ]
            ]
        },
        {
            "file_path": "train/frame22_0028",
            "sharpness": 31.397359599628057,
            "transform_matrix": [
                [
                    -0.42070707886486625,
                    0.8198580896515993,
                    -0.3883790244463088,
                    -1.6880383118899325
                ],
                [
                    -0.9055815142885155,
                    -0.35399379489092564,
                    0.23368892604837044,
                    0.7783374467708436
                ],
                [
                    0.0541079917629665,
                    0.45002345051686227,
                    0.8913760257132348,
                    3.371622351574075
                ],
                [
                    0.0,
                    0.0,
                    0.0,
                    1.0
                ]
            ]
        },
        {
            "file_path": "train/frame31_0042",
            "sharpness": 94.71916768260655,
            "transform_matrix": [
                [
                    0.7888403742783376,
                    -0.02203959377583017,
                    0.6142028331249001,
                    2.6779680497837584
                ],
                [
                    0.6100632044205252,
                    0.14925687262957393,
                    -0.7781678948562449,
                    -3.1360663716755015
                ],
                [
                    -0.07452348974042211,
                    0.9885528019701281,
                    0.13118539247173688,
                    0.26819458672223756
                ],
                [
                    0.0,
                    0.0,
                    0.0,
                    1.0
                ]
            ]
        },
        {
            "file_path": "train/frame01_0015",
            "sharpness": 99.0244724364974,
            "transform_matrix": [
                [
                    0.5140778326404727,
                    -0.0013820576008966717,
                    0.8577424274853769,
                    3.263903510055691
                ],
                [
                    0.8553308171638762,
                    0.07577810305911234,
                    -0.5125103631211162,
                    -1.8723448970675396
                ],
                [
                    -0.06428977522527024,
                    0.9971237480962793,
                    0.04013795943937734,
                    0.2106417653562799
                ],
                [
                    0.0,
                    0.0,
                    0.0,
                    1.0
                ]
            ]
        },
        {
            "file_path": "train/frame01_0033",
            "sharpness": 65.97405282897995,
            "transform_matrix": [
                [
                    -0.47004074611385394,
                    0.008693715197716383,
                    0.8826019013761742,
                    3.318142205601735
                ],
                [
                    0.8782399287220882,
                    -0.09516821096382029,
                    0.4686551389029756,
                    2.0592167404335244
                ],
                [
                    0.08806999825080532,
                    0.9954232421146373,
                    0.037097769072182166,
                    0.28004050736306135
                ],
                [
                    0.0,
                    0.0,
                    0.0,
                    1.0
                ]
            ]
        },
        {
            "file_path": "train/frame21_0029",
            "sharpness": 67.47388293498172,
            "transform_matrix": [
                [
                    -0.5430250342092338,
                    0.3134653433239048,
                    -0.7790143071606147,
                    -3.2847357596635143
                ],
                [
                    -0.8357902994173811,
                    -0.11215635269913614,
                    0.5374714205881386,
                    1.712026509453824
                ],
                [
                    0.08110725998986862,
                    0.9429530375835529,
                    0.3228950004148898,
                    1.1793165281531552
                ],
                [
                    0.0,
                    0.0,
                    0.0,
                    1.0
                ]
            ]
        },
        {
            "file_path": "train/frame11_0022",
            "sharpness": 129.21995362937454,
            "transform_matrix": [
                [
                    0.4403662492733645,
                    -0.02411601062027673,
                    0.8974942810607304,
                    3.5625261054953494
                ],
                [
                    0.8959110122308115,
                    0.07692619500857767,
                    -0.43752236363992303,
                    -1.543485437662711
                ],
                [
                    -0.058489526115811985,
                    0.9967450920658134,
                    0.05548149945257988,
                    0.164542766234311
                ],
                [
                    0.0,
                    0.0,
                    0.0,
                    1.0
                ]
            ]
        },
        {
            "file_path": "train/frame01_0024",
            "sharpness": 151.36231561864275,
            "transform_matrix": [
                [
                    0.02281638277508264,
                    -0.02617714781368935,
                    0.9993969029436935,
                    3.575162266114135
                ],
                [
                    0.9992916992385034,
                    -0.02932548898855177,
                    -0.023582101869992517,
                    0.05095209029780812
                ],
                [
                    0.029925115038876297,
                    0.9992270876192082,
                    0.025489504938129827,
                    0.18818412406571658
                ],
                [
                    0.0,
                    0.0,
                    0.0,
                    1.0
                ]
            ]
        },
        {
            "file_path": "train/frame2h_0010",
            "sharpness": 58.409188981125595,
            "transform_matrix": [
                [
                    -0.7709060234508831,
                    0.6358754068878671,
                    -0.036964441377907095,
                    -0.30664884331231623
                ],
                [
                    -0.6279421012315887,
                    -0.748999171352529,
                    0.21139763199733758,
                    0.8924429306635224
                ],
                [
                    0.10673621929987702,
                    0.18617923683969584,
                    0.976700911878044,
                    4.607185965361657
                ],
                [
                    0.0,
                    0.0,
                    0.0,
                    1.0
                ]
            ]
        },
        {
            "file_path": "train/frame21_0013",
            "sharpness": 87.80206793853809,
            "transform_matrix": [
                [
                    -0.9821699059439032,
                    0.16496074824694437,
                    -0.09016777362227325,
                    -0.44568886831674204
                ],
                [
                    -0.11478958525807434,
                    -0.14639289981524364,
                    0.9825438768828407,
                    3.8344173271711357
                ],
                [
                    0.148881251265598,
                    0.9753753484815227,
                    0.1627184765175215,
                    0.8758077423966497
                ],
                [
                    0.0,
                    0.0,
                    0.0,
                    1.0
                ]
            ]
        },
        {
            "file_path": "train/frame11_0045",
            "sharpness": 62.37299515021424,
            "transform_matrix": [
                [
                    -0.45611127926662326,
                    0.012003290520337186,
                    0.8898417960213457,
                    3.4761598635995963
                ],
                [
                    0.8846455565759156,
                    -0.10261611334158327,
                    0.45483202670123873,
                    1.8319194972358057
                ],
                [
                    0.09677158755105318,
                    0.9946486084559483,
                    0.036185709106492256,
                    0.24788158794192056
                ],
                [
                    0.0,
                    0.0,
                    0.0,
                    1.0
                ]
            ]
        },
        {
            "file_path": "train/frame22_0007",
            "sharpness": 26.43628000685871,
            "transform_matrix": [
                [
                    0.6006353830100474,
                    0.7034150304061707,
                    -0.3800584582391304,
                    -1.4456290653555801
                ],
                [
                    -0.7963129567484645,
                    0.4837590793540515,
                    -0.36312921674940846,
                    -1.4027744139493945
                ],
                [
                    -0.07157381918267221,
                    0.5207537308020842,
                    0.8507013225964574,
                    3.6241476420194183
                ],
                [
                    0.0,
                    0.0,
                    0.0,
                    1.0
                ]
            ]
        },
        {
            "file_path": "train/frame21_0002",
            "sharpness": 159.52910646766216,
            "transform_matrix": [
                [
                    -0.8332620057560326,
                    0.07433411033829582,
                    0.5478584395696509,
                    2.153866867492177
                ],
                [
                    0.5359425033310281,
                    -0.1347833665495107,
                    0.8334261078373124,
                    3.3136850868820025
                ],
                [
                    0.13579419313655444,
                    0.9880829338399519,
                    0.07247104917600469,
                    0.4924651889900231
                ],
                [
                    0.0,
                    0.0,
                    0.0,
                    1.0
                ]
            ]
        },
        {
            "file_path": "train/frame32_0012",
            "sharpness": 93.22050401996647,
            "transform_matrix": [
                [
                    0.9685152532466456,
                    -0.06328354489003439,
                    0.2407766541398524,
                    1.2810929302955212
                ],
                [
                    0.22692784210972608,
                    0.6221495538204498,
                    -0.7492887875555313,
                    -3.3146819850073346
                ],
                [
                    -0.10238143732061998,
                    0.7803365463885743,
                    0.61692213095865,
                    2.6047091811590812
                ],
                [
                    0.0,
                    0.0,
                    0.0,
                    1.0
                ]
            ]
        },
        {
            "file_path": "train/frame11_0063",
            "sharpness": 88.58207749485595,
            "transform_matrix": [
                [
                    -0.7651121041549981,
                    0.040558506920791625,
                    0.642618452579688,
                    2.319039127173817
                ],
                [
                    0.6307474808707486,
                    -0.153455325966448,
                    0.760663577613478,
                    3.243866134382392
                ],
                [
                    0.12946460308970079,
                    0.9873228805476137,
                    0.09182835127581197,
                    0.45234004438386977
                ],
                [
                    0.0,
                    0.0,
                    0.0,
                    1.0
                ]
            ]
        },
        {
            "file_path": "train/frame12_0054",
            "sharpness": 250.13396703954947,
            "transform_matrix": [
                [
                    -0.9500634144498871,
                    -0.005123741028390253,
                    0.31201483266944463,
                    1.1819260106169351
                ],
                [
                    0.2226582708836819,
                    -0.7116726726209173,
                    0.6662922042555276,
                    2.6145532177496564
                ],
                [
                    0.21863852115939122,
                    0.7024925297285879,
                    0.6772750126387423,
                    2.5618959738846963
                ],
                [
                    0.0,
                    0.0,
                    0.0,
                    1.0
                ]
            ]
        },
        {
            "file_path": "train/frame22_0010",
            "sharpness": 45.64760633094444,
            "transform_matrix": [
                [
                    0.4537263671487084,
                    0.7813829829920494,
                    -0.42845421884785684,
                    -1.4193186353589267
                ],
                [
                    -0.8910570259595277,
                    0.39120277396104713,
                    -0.2301689947263594,
                    -1.0283425935472355
                ],
                [
                    -0.012237656762968813,
                    0.48621088381384553,
                    0.8737558104081232,
                    3.483113997615813
                ],
                [
                    0.0,
                    0.0,
                    0.0,
                    1.0
                ]
            ]
        },
        {
            "file_path": "train/frame11_0025",
            "sharpness": 134.29540815407938,
            "transform_matrix": [
                [
                    0.32402756626186147,
                    -0.01580701098510341,
                    0.9459155748322241,
                    3.630425071422882
                ],
                [
                    0.9452923884828376,
                    0.04535417028452674,
                    -0.3230561863116293,
                    -1.0998534246576692
                ],
                [
                    -0.03779466336989316,
                    0.9988459028526653,
                    0.029638248586004074,
                    0.16087887524034086
                ],
                [
                    0.0,
                    0.0,
                    0.0,
                    1.0
                ]
            ]
        },
        {
            "file_path": "train/frame0h_0002",
            "sharpness": 117.83870105594903,
            "transform_matrix": [
                [
                    0.048735987020323855,
                    -0.07890417616392231,
                    0.9956901800043491,
                    3.8322658467015507
                ],
                [
                    0.9971281356014041,
                    -0.054011991605580706,
                    -0.053086589218618814,
                    -0.10009485365677176
                ],
                [
                    0.05796796323180172,
                    0.9954179201474749,
                    0.07604524634766519,
                    0.26752553972009135
                ],
                [
                    0.0,
                    0.0,
                    0.0,
                    1.0
                ]
            ]
        },
        {
            "file_path": "train/frame02_0003",
            "sharpness": 198.48252301663004,
            "transform_matrix": [
                [
                    0.8771676020752538,
                    -0.2607072343499342,
                    0.40324773506022704,
                    1.7389935868425408
                ],
                [
                    0.4730511406826013,
                    0.6133782701379238,
                    -0.63244740178255,
                    -2.4622069848678954
                ],
                [
                    -0.08245978517774762,
                    0.7455191719082398,
                    0.6613634009753924,
                    2.4836160743563283
                ],
                [
                    0.0,
                    0.0,
                    0.0,
                    1.0
                ]
            ]
        },
        {
            "file_path": "train/frame21_0022",
            "sharpness": 56.92150236571931,
            "transform_matrix": [
                [
                    -0.8489239551630687,
                    0.24418427930310407,
                    -0.4687239657789653,
                    -2.2507181950494233
                ],
                [
                    -0.5120732908728938,
                    -0.1605273713554494,
                    0.8438079804199021,
                    3.518730923932377
                ],
                [
                    0.1308016174512427,
                    0.9563498318036533,
                    0.26131577848516524,
                    1.1275960782402212
                ],
                [
                    0.0,
                    0.0,
                    0.0,
                    1.0
                ]
            ]
        },
        {
            "file_path": "train/frame11_0005",
            "sharpness": 69.88592749691331,
            "transform_matrix": [
                [
                    0.7445372081382695,
                    0.03035378883641662,
                    0.6668905406474068,
                    2.74744919094226
                ],
                [
                    0.6581681644066404,
                    0.1337861630935453,
                    -0.7408886083118708,
                    -2.7072338394345277
                ],
                [
                    -0.11170950300460171,
                    0.9905452589720241,
                    0.07963087887594833,
                    0.28356291891384
                ],
                [
                    0.0,
                    0.0,
                    0.0,
                    1.0
                ]
            ]
        },
        {
            "file_path": "train/frame21_0036",
            "sharpness": 77.40283861030669,
            "transform_matrix": [
                [
                    -0.04550406570632986,
                    0.27480586977376475,
                    -0.9604223622688735,
                    -4.379592934322387
                ],
                [
                    -0.9988354354642077,
                    0.002917138660849149,
                    0.0481587288355884,
                    0.11871208460758999
                ],
                [
                    0.016035986568581358,
                    0.9614953064076618,
                    0.2743530989343011,
                    1.3227764830775075
                ],
                [
                    0.0,
                    0.0,
                    0.0,
                    1.0
                ]
            ]
        },
        {
            "file_path": "train/frame12_0018",
            "sharpness": 140.62969536822703,
            "transform_matrix": [
                [
                    0.2746225889833535,
                    -0.621439134041264,
                    0.7337546158670276,
                    2.913597855818117
                ],
                [
                    0.9610611045061539,
                    0.1530114671361868,
                    -0.23010659340888764,
                    -0.8471716985177621
                ],
                [
                    0.030724371853441287,
                    0.768375489985743,
                    0.639261385794126,
                    2.3719699645318606
                ],
                [
                    0.0,
                    0.0,
                    0.0,
                    1.0
                ]
            ]
        },
        {
            "file_path": "train/frame11_0031",
            "sharpness": 178.36402033096988,
            "transform_matrix": [
                [
                    0.08010730108584134,
                    -0.012645161420696683,
                    0.9967060350020122,
                    3.6943612434435655
                ],
                [
                    0.996667525204616,
                    -0.014416147330235503,
                    -0.08028710294100214,
                    -0.28355813305914584
                ],
                [
                    0.015383904422212933,
                    0.9998161203905657,
                    0.011448183084297613,
                    0.17260746931844262
                ],
                [
                    0.0,
                    0.0,
                    0.0,
                    1.0
                ]
            ]
        },
        {
            "file_path": "train/frame11_0076",
            "sharpness": 61.74646090405319,
            "transform_matrix": [
                [
                    -0.9881344787098689,
                    0.13900532029811066,
                    0.0653281938954428,
                    0.12349609686261233
                ],
                [
                    0.03199512345300209,
                    -0.2297132242499886,
                    0.9727323098776466,
                    3.8516934906012343
                ],
                [
                    0.15022171635301385,
                    0.9632805175738413,
                    0.22254006471346355,
                    0.8158230252140175
                ],
                [
                    0.0,
                    0.0,
                    0.0,
                    1.0
                ]
            ]
        },
        {
            "file_path": "train/frame3h_0001",
            "sharpness": 132.00105806178317,
            "transform_matrix": [
                [
                    0.6004445716235792,
                    0.2686123363872757,
                    -0.753202316215498,
                    -3.2531672744027347
                ],
                [
                    -0.7966658683485918,
                    0.11941791351821072,
                    -0.5925055747749058,
                    -2.8404622802165362
                ],
                [
                    -0.06920845770323482,
                    0.955817333320291,
                    0.28569811814373675,
                    1.1900955199572145
                ],
                [
                    0.0,
                    0.0,
                    0.0,
                    1.0
                ]
            ]
        },
        {
            "file_path": "train/frame11_0016",
            "sharpness": 128.75533786555977,
            "transform_matrix": [
                [
                    0.5522415380242083,
                    -0.020654247528822917,
                    0.8334282727048085,
                    3.3904243949267654
                ],
                [
                    0.8302043643869478,
                    0.10486848916571737,
                    -0.5475064504943882,
                    -1.9343855898051237
                ],
                [
                    -0.07609203003440841,
                    0.9942715937022032,
                    0.0750599821887079,
                    0.1847409779653966
                ],
                [
                    0.0,
                    0.0,
                    0.0,
                    1.0
                ]
            ]
        },
        {
            "file_path": "train/frame21_0043",
            "sharpness": 110.5149842144805,
            "transform_matrix": [
                [
                    0.36420955126844257,
                    0.27887342424453093,
                    -0.8885837135684038,
                    -4.005132035580301
                ],
                [
                    -0.9307240961623551,
                    0.07494863642875683,
                    -0.35795999597753575,
                    -2.1147654522249746
                ],
                [
                    -0.033227392136061025,
                    0.9573987231825732,
                    0.2868512249655913,
                    1.2880145042632272
                ],
                [
                    0.0,
                    0.0,
                    0.0,
                    1.0
                ]
            ]
        },
        {
            "file_path": "train/frame31_0016",
            "sharpness": 62.0069362425631,
            "transform_matrix": [
                [
                    0.8334136340840399,
                    0.21359826889845795,
                    -0.5097033392577109,
                    -1.8358634058928172
                ],
                [
                    -0.5413694432530713,
                    0.13014680507677742,
                    -0.8306509104552685,
                    -3.703026553296603
                ],
                [
                    -0.11108933539081753,
                    0.9682136069359205,
                    0.22410169769684235,
                    0.9897694214745713
                ],
                [
                    0.0,
                    0.0,
                    0.0,
                    1.0
                ]
            ]
        },
        {
            "file_path": "train/frame21_0027",
            "sharpness": 85.94931797424066,
            "transform_matrix": [
                [
                    -0.6920527838919216,
                    0.2934913441805589,
                    -0.6594890258393805,
                    -2.9628119662497223
                ],
                [
                    -0.7145997017338732,
                    -0.14941661899618275,
                    0.6833900352284985,
                    2.3839479591107677
                ],
                [
                    0.10203043953280516,
                    0.9442126375254651,
                    0.3131330141489278,
                    1.1778415568705196
                ],
                [
                    0.0,
                    0.0,
                    0.0,
                    1.0
                ]
            ]
        },
        {
            "file_path": "train/frame4h_0006",
            "sharpness": 115.34858546090292,
            "transform_matrix": [
                [
                    0.7816582479189161,
                    -0.2399594388775723,
                    0.5756994451603511,
                    2.6274209031103926
                ],
                [
                    0.623024646923985,
                    0.34356263419245425,
                    -0.7027126053458738,
