{
  "camera_angle_x": 0.852049597296608,
  "camera_angle_y": 0.6561291940386184,
  "fl_x": 793.2687873458561,
  "fl_y": 793.2687873458561,
  "k1": -0.02961546140606671,
  "k2": 0,
  "p1": 0,
  "p2": 0,
  "cx": 360.0,
  "cy": 270.0,
  "w": 720.0,
  "h": 540.0,
  "aabb_scale": 16,
  "frames": [
    {
      "file_path": "./data\\deerq\\frames/frame01_0001.png",
      "sharpness": 69.91786377743487,
      "transform_matrix": [
        [
          0.8406841676718365,
          -0.0422667224859489,
          0.539873739328485,
          1.6840012984574209
        ],
        [
          0.5386508953545007,
          0.1678589345999719,
          -0.8256382930852775,
          -2.926085837605613
        ],
        [
          -0.0557256060945745,
          0.9849045142880632,
          0.16388335663121517,
          0.7253178620346354
        ],
        [
          0.0,
          0.0,
          0.0,
          1.0
        ]
      ]
    },
    {
      "file_path": "./data\\deerq\\frames/frame01_0002.png",
      "sharpness": 76.96398658928919,
      "transform_matrix": [
        [
          0.8406974197613861,
          -0.039132806239254345,
          0.5400893184489973,
          1.6889734435379722
        ],
        [
          0.538571578570451,
          0.16410351502715723,
          -0.8264446086168616,
          -2.9350760569994048
        ],
        [
          -0.05628945884962211,
          0.98566660684602,
          0.15903721888727176,
          0.7272086628513997
        ],
        [
          0.0,
          0.0,
          0.0,
          1.0
        ]
      ]
    },
    {
      "file_path": "./data\\deerq\\frames/frame22_0004.png",
      "sharpness": 93.57017713423784,
      "transform_matrix": [
        [
          -0.248651807668932,
          -0.742578906132551,
          0.6218913464024647,
          2.425323584699607
        ],
        [
          0.9631596390479481,
          -0.25747229441436853,
          0.07766290825124186,
          0.43109063274176235
        ],
        [
          0.10244895437840361,
          0.618291667253538,
          0.7792429826260482,
          2.856720968004768
        ],
        [
          0.0,
          0.0,
          0.0,
          1.0
        ]
      ]
    },
    {
      "file_path": "./data\\deerq\\frames/frame01_0003.png",
      "sharpness": 77.21692650214231,
      "transform_matrix": [
        [
          0.8329038050964371,
          -0.06058354061533159,
          0.5500917069750286,
          1.7104023440120855
        ],
        [
          0.5506449878627966,
          0.19009934902873496,
          -0.8128052256478457,
          -2.888085947488388
        ],
        [
          -0.055329457001668525,
          0.9798938065550485,
          0.19169449413920353,
          0.7163344850640938
        ],
        [
          0.0,
          0.0,
          0.0,
          1.0
        ]
      ]
    },
    {
      "file_path": "./data\\deerq\\frames/frame01_0004.png",
      "sharpness": 42.927687670171174,
      "transform_matrix": [
        [
          0.8079590273712733,
          -0.07666315170859381,
          0.5842302382448935,
          1.8073188716714745
        ],
        [
          0.5874757497427534,
          0.18144498607108395,
          -0.7886380414955064,
          -2.8151429861904473
        ],
        [
          -0.04554616962231248,
          0.9804083221900013,
          0.1916378569950358,
          0.6994396683582929
        ],
        [
          0.0,
          0.0,
          0.0,
          1.0
        ]
      ]
    },
    {
      "file_path": "./data\\deerq\\frames/frame21_0105.png",
      "sharpness": 16.239277083273794,
      "transform_matrix": [
        [
          0.009301641256360765,
          0.17455423773221546,
          -0.9846036246022948,
          -4.88769523525555
        ],
        [
          -0.9988680384179177,
          0.0475566086940755,
          -0.0010053838436883435,
          0.12485475544362966
        ],
        [
          0.04664891528351644,
          0.9834984428455057,
          0.17479900355455447,
          0.9181409248761279
        ],
        [
          0.0,
          0.0,
          0.0,
          1.0
        ]
      ]
    },
    {
      "file_path": "./data\\deerq\\frames/frame01_0005.png",
      "sharpness": 69.49551606057572,
      "transform_matrix": [
        [
          0.7871673886126206,
          -0.08300533184928202,
          0.6111281512168232,
          1.8931796616736685
        ],
        [
          0.6151702052924287,
          0.17631447920796453,
          -0.7684261987608889,
          -2.7020910722030034
        ],
        [
          -0.04396727008129046,
          0.9808278744641667,
          0.1898514152068167,
          0.6904252482855534
        ],
        [
          0.0,
          0.0,
          0.0,
          1.0
        ]
      ]
    },
    {
      "file_path": "./data\\deerq\\frames/frame01_0006.png",
      "sharpness": 67.39169079850527,
      "transform_matrix": [
        [
          0.7606388934454401,
          -0.0967566262473181,
          0.6419241614674174,
          2.0115776666633103
        ],
        [
          0.6479702866562613,
          0.17337879987551627,
          -0.7416699396391508,
          -2.579206912464523
        ],
        [
          -0.03953455957778167,
          0.9800907851064928,
          0.1945740773295786,
          0.6757236226474646
        ],
        [
          0.0,
          0.0,
          0.0,
          1.0
        ]
      ]
    },
    {
      "file_path": "./data\\deerq\\frames/frame22_0008.png",
      "sharpness": 54.36906607456707,
      "transform_matrix": [
        [
          -0.46366011906567156,
          -0.6880374419817439,
          0.5582327224729302,
          2.1746112580913217
        ],
        [
          0.8782890474565399,
          -0.4399312632843467,
          0.1872667421165233,
          1.0016618505576165
        ],
        [
          0.11673749659006856,
          0.5771178060266083,
          0.8082743314477117,
          3.041858205793954
        ],
        [
          0.0,
          0.0,
          0.0,
          1.0
        ]
      ]
    },
    {
      "file_path": "./data\\deerq\\frames/frame01_0007.png",
      "sharpness": 97.22635661100846,
      "transform_matrix": [
        [
          0.7341579011918485,
          -0.09607625868444707,
          0.6721469546573077,
          2.1676312970861527
        ],
        [
          0.6779638344614701,
          0.15783579371529138,
          -0.717950486722154,
          -2.5269062901166364
        ],
        [
          -0.03711085139670979,
          0.982780349192671,
          0.18101262378538774,
          0.670267175473533
        ],
        [
          0.0,
          0.0,
          0.0,
          1.0
        ]
      ]
    },
    {
      "file_path": "./data\\deerq\\frames/frame01_0008.png",
      "sharpness": 114.94011635506102,
      "transform_matrix": [
        [
          0.6991681805938407,
          -0.11659377490468298,
          0.7053862395304352,
          2.2919089882705572
        ],
        [
          0.713985932740675,
          0.16527462702206305,
          -0.680373710185189,
          -2.468197341475204
        ],
        [
          -0.03725510842849235,
          0.9793315012476349,
          0.19880107540041786,
          0.659022446317248
        ],
        [
          0.0,
          0.0,
          0.0,
          1.0
        ]
      ]
    },
    {
      "file_path": "./data\\deerq\\frames/frame22_0018.png",
      "sharpness": 51.33611871363588,
      "transform_matrix": [
        [
          -0.923685642608246,
          -0.19173878595679558,
          0.33172439105305424,
          1.2562944472758337
        ],
        [
          0.35061310667254575,
          -0.7721314818490049,
          0.5299843621910929,
          2.043598528602744
        ],
        [
          0.1545162874466467,
          0.6058458654689709,
          0.7804328954036895,
          2.8575493581856715
        ],
        [
          0.0,
          0.0,
          0.0,
          1.0
        ]
      ]
    },
    {
      "file_path": "./data\\deerq\\frames/frame01_0009.png",
      "sharpness": 47.08426390664427,
      "transform_matrix": [
        [
          0.6654581971508381,
          -0.11438935850734806,
          0.7376181007305528,
          2.394309220284477
        ],
        [
          0.7455907005128143,
          0.14885547123341134,
          -0.6495664369352092,
          -2.324082641316829
        ],
        [
          -0.0354950019456179,
          0.9822205064872223,
          0.18434473546372948,
          0.6503628952381121
        ],
        [
          0.0,
          0.0,
          0.0,
          1.0
        ]
      ]
    },
    {
      "file_path": "./data\\deerq\\frames/frame01_0010.png",
      "sharpness": 89.22260799227654,
      "transform_matrix": [
        [
          0.6458075949626704,
          -0.09590290055097622,
          0.7574530902800218,
          2.5488612834493125
        ],
        [
          0.7627099737200107,
          0.1261608588424866,
          -0.6343161149491319,
          -2.2977075168662555
        ],
        [
          -0.0347281771127749,
          0.9873631912229801,
          0.15462173958639908,
          0.6449397007684244
        ],
        [
          0.0,
          0.0,
          0.0,
          1.0
        ]
      ]
    },
    {
      "file_path": "./data\\deerq\\frames/frame22_0012.png",
      "sharpness": 27.898656858710563,
      "transform_matrix": [
        [
          -0.6910011270173472,
          -0.538961028769652,
          0.4817036972544721,
          1.7334240243597319
        ],
        [
          0.7117569085108347,
          -0.6236198737802411,
          0.3232651484670583,
          1.5365033070752252
        ],
        [
          0.12617268189812936,
          0.5662325162922495,
          0.814531271257469,
          3.0859045504014535
        ],
        [
          0.0,
          0.0,
          0.0,
          1.0
        ]
      ]
    },
    {
      "file_path": "./data\\deerq\\frames/frame01_0011.png",
      "sharpness": 111.81223919419018,
      "transform_matrix": [
        [
          0.6112985848476808,
          -0.09806934507677309,
          0.7853002252258362,
          2.6671668509965496
        ],
        [
          0.7906525055384223,
          0.11879923598241415,
          -0.6006291343381736,
          -2.2162593049340127
        ],
        [
          -0.03438976093507333,
          0.988063330513908,
          0.15016057823849824,
          0.6366050524406393
        ],
        [
          0.0,
          0.0,
          0.0,
          1.0
        ]
      ]
    },
    {
      "file_path": "./data\\deerq\\frames/frame01_0012.png",
      "sharpness": 92.11172541945439,
      "transform_matrix": [
        [
          0.572413981460205,
          -0.09236776613932951,
          0.8147456226501744,
          2.7735088548192945
        ],
        [
          0.8192890484573974,
          0.10475955710695974,
          -0.5637294477606609,
          -2.157636318529244
        ],
        [
          -0.03328196078705631,
          0.9901987835749336,
          0.1356417344080292,
          0.6318388397200119
        ],
        [
          0.0,
          0.0,
          0.0,
          1.0
        ]
      ]
    },
    {
      "file_path": "./data\\deerq\\frames/frame22_0006.png",
      "sharpness": 31.12409173731113,
      "transform_matrix": [
        [
          -0.35506899481124904,
          -0.7322640210315944,
          0.5811328698728749,
          2.363753243313966
        ],
        [
          0.9283345465559494,
          -0.3494013580316692,
          0.12693959459679574,
          0.7626117565714309
        ],
        [
          0.11009531596285377,
          0.5845580334974246,
          0.8038475769055915,
          2.9087292127458793
        ],
        [
          0.0,
          0.0,
          0.0,
          1.0
        ]
      ]
    },
    {
      "file_path": "./data\\deerq\\frames/frame01_0013.png",
      "sharpness": 53.608312054157366,
      "transform_matrix": [
        [
          0.5450225469951717,
          -0.10137820944996148,
          0.8322697170604787,
          2.853616358817733
        ],
        [
          0.8377988365028867,
          0.10409935076256596,
          -0.5359630908236452,
          -2.0377132357446404
        ],
        [
          -0.03230375872637206,
          0.9893865694659637,
          0.14167103921708116,
          0.62235172789218
        ],
        [
          0.0,
          0.0,
          0.0,
          1.0
        ]
      ]
    },
    {
      "file_path": "./data\\deerq\\frames/frame01_0014.png",
      "sharpness": 75.75613940328557,
      "transform_matrix": [
        [
          0.5222089406073369,
          -0.08977250865584487,
          0.848079429687876,
          2.887683318358692
        ],
        [
          0.8521519835497748,
          0.09420928709204474,
          -0.5147442152737671,
          -1.9406921916322903
        ],
        [
          -0.03368707894711237,
          0.9914965995581543,
          0.1256967533270267,
          0.6235528369382426
        ],
        [
          0.0,
          0.0,
          0.0,
          1.0
        ]
      ]
    },
    {
      "file_path": "./data\\deerq\\frames/frame22_0016.png",
      "sharpness": 53.839004403222056,
      "transform_matrix": [
        [
          -0.8602197379811267,
          -0.3402710694265057,
          0.37978625793903864,
          1.3557012326290687
        ],
        [
          0.4937368963523678,
          -0.7419679242986568,
          0.4535498610872762,
          1.9205263695232515
        ],
        [
          0.12745932520977227,
          0.5776670309379738,
          0.8062598351677351,
          2.990503045673839
        ],
        [
          0.0,
          0.0,
          0.0,
          1.0
        ]
      ]
    },
    {
      "file_path": "./data\\deerq\\frames/frame01_0015.png",
      "sharpness": 98.74440976794033,
      "transform_matrix": [
        [
          0.5038588124167616,
          -0.10188562724312249,
          0.8577561519054003,
          2.927508291856255
        ],
        [
          0.8630230803282141,
          0.10110615152288968,
          -0.4949431370824787,
          -1.8530443699324766
        ],
        [
          -0.036296831492911096,
          0.9896448176520781,
          0.1388728732988841,
          0.6177075820136219
        ],
        [
          0.0,
          0.0,
          0.0,
          1.0
        ]
      ]
    },
    {
      "file_path": "./data\\deerq\\frames/frame01_0016.png",
      "sharpness": 136.31850738261335,
      "transform_matrix": [
        [
          0.4851245991193687,
          -0.1097858372410144,
          0.8675259035273098,
          2.97613583326249
        ],
        [
          0.8737724571984793,
          0.09976350285509791,
          -0.47599258034072994,
          -1.7604470360052686
        ],
        [
          -0.0342901790002003,
          0.9889359501299789,
          0.14432557010099684,
          0.6113468141046812
        ],
        [
          0.0,
          0.0,
          0.0,
          1.0
        ]
      ]
    },
    {
      "file_path": "./data\\deerq\\frames/frame22_0026.png",
      "sharpness": 45.84691067925974,
      "transform_matrix": [
        [
          -0.9813518008951608,
          0.18309100759828076,
          0.0585348258456833,
          0.050738489699283906
        ],
        [
          -0.09871807083170704,
          -0.7413465178986252,
          0.6638223278038055,
          2.3765359777790827
        ],
        [
          0.1649344881803348,
          0.6456647917807266,
          0.7455961314839086,
          2.7266125593174086
        ],
        [
          0.0,
          0.0,
          0.0,
          1.0
        ]
      ]
    },
    {
      "file_path": "./data\\deerq\\frames/frame01_0017.png",
      "sharpness": 101.14907623593726,
      "transform_matrix": [
        [
          0.46693795685507133,
          -0.11682063618470179,
          0.8765397215356115,
          3.0307433827825294
        ],
        [
          0.8836009894801631,
          0.10076196762410576,
          -0.45727050776341227,
          -1.698816877672857
        ],
        [
          -0.0349032354171905,
          0.9880283218926617,
          0.15027241701560148,
          0.6081636543904769
        ],
        [
          0.0,
          0.0,
          0.0,
          1.0
        ]
      ]
    },
    {
      "file_path": "./data\\deerq\\frames/frame01_0018.png",
      "sharpness": 78.64751025924974,
      "transform_matrix": [
        [
          0.4375348574891348,
          -0.11250951796151905,
          0.8921349992407781,
          3.0927412346306737
        ],
        [
          0.8985163081547974,
          0.0934262320776609,
          -0.4288822485713973,
          -1.618199915999329
        ],
        [
          -0.03509547643465245,
          0.9892487794018129,
          0.14196886984890617,
          0.6036237763610617
        ],
        [
          0.0,
          0.0,
          0.0,
          1.0
        ]
      ]
    },
    {
      "file_path": "./data\\deerq\\frames/frame22_0020.png",
      "sharpness": 62.83097716134059,
      "transform_matrix": [
        [
          -0.9605809895558959,
          -0.03796161470160759,
          0.2753962206228992,
          0.9890587184356161
        ],
        [
          0.2007068334037182,
          -0.7801469290465521,
          0.5925264012044522,
          2.213494805760786
        ],
        [
          0.192356256846928,
          0.6244435001795404,
          0.7570134645801824,
          2.590275389563499
        ],
        [
          0.0,
          0.0,
          0.0,
          1.0
        ]
      ]
    },
    {
      "file_path": "./data\\deerq\\frames/frame01_0019.png",
      "sharpness": 104.07745804660114,
      "transform_matrix": [
        [
          0.4330352533785859,
          -0.12299609343862676,
          0.8929459280104786,
          3.092639606184935
        ],
        [
          0.9002325776355398,
          0.10891789830075838,
          -0.42156636202789166,
          -1.5845782129507053
        ],
        [
          -0.045406778120557094,
          0.9864121108586688,
          0.15789037992348862,
          0.60830612415555
        ],
        [
          0.0,
          0.0,
          0.0,
          1.0
        ]
      ]
    },
    {
      "file_path": "./data\\deerq\\frames/frame01_0020.png",
      "sharpness": 53.846115861297385,
      "transform_matrix": [
        [
          0.4310879504368779,
          -0.12892233645523282,
          0.893052187820717,
          3.093857524394054
        ],
        [
          0.9011402099832755,
          0.1118938022021899,
          -0.4188389893265063,
          -1.5849077556820999
        ],
        [
          -0.04592930375772277,
          0.9853216775306016,
          0.1644131712027344,
          0.6054002151574623
        ],
        [
          0.0,
          0.0,
          0.0,
          1.0
        ]
      ]
    },
    {
      "file_path": "./data\\deerq\\frames/frame22_0014.png",
      "sharpness": 34.96855190466154,
      "transform_matrix": [
        [
          -0.7644005106526628,
          -0.4682210692961155,
          0.4432390885306308,
          1.4187714302410037
        ],
        [
          0.6345754346686422,
          -0.6679667679642194,
          0.3887600990463816,
          1.6902775125185296
        ],
        [
          0.1140433121260512,
          0.5784370554988916,
          0.8077157271004568,
          2.9953680524063513
        ],
        [
          0.0,
          0.0,
          0.0,
          1.0
        ]
      ]
    },
    {
      "file_path": "./data\\deerq\\frames/frame01_0021.png",
      "sharpness": 84.52832544571038,
      "transform_matrix": [
        [
          0.41189472095358004,
          -0.1238421749857193,
          0.902776746801607,
          3.1165561767085364
        ],
        [
          0.910277377541283,
          0.10124440798067269,
          -0.40142828224879884,
          -1.5471776441067935
        ],
        [
          -0.04168734569417388,
          0.9871234398835617,
          0.15443276744831885,
          0.6039057674352213
        ],
        [
          0.0,
          0.0,
          0.0,
          1.0
        ]
      ]
    },
    {
      "file_path": "./data\\deerq\\frames/frame01_0022.png",
      "sharpness": 75.6607324797983,
      "transform_matrix": [
        [
          0.3856570714566004,
          -0.1319932475376364,
          0.9131519073299366,
          3.1898838425144658
        ],
        [
          0.9219146367899874,
          0.09442538404757345,
          -0.3757089955269475,
          -1.455612319796368
        ],
        [
          -0.03663366909469835,
          0.9867429399149859,
          0.1581023239453429,
          0.5892236272876791
        ],
        [
          0.0,
          0.0,
          0.0,
          1.0
        ]
      ]
    },
    {
      "file_path": "./data\\deerq\\frames/frame22_0024.png",
      "sharpness": 44.84340021020016,
      "transform_matrix": [
        [
          -0.9815774695444817,
          0.11691173969941922,
          0.15112020521234626,
          0.2131222906150809
        ],
        [
          0.011851441828580531,
          -0.752159045119392,
          0.6588750368405847,
          2.205793097051487
        ],
        [
          0.19069665605231662,
          0.6485278837292053,
          0.7369167995211605,
          2.6728386786234157
        ],
        [
          0.0,
          0.0,
          0.0,
          1.0
        ]
      ]
    },
    {
      "file_path": "./data\\deerq\\frames/frame01_0023.png",
      "sharpness": 77.12499444910158,
      "transform_matrix": [
        [
          0.35589747464497423,
          -0.14595191321286566,
          0.9230574340695968,
          3.2330203421679
        ],
        [
          0.9339105179689563,
          0.09135985159937075,
          -0.3456364013565563,
          -1.3066126070011321
        ],
        [
          -0.033884096140295014,
          0.985064168755208,
          0.16882076733534318,
          0.5839544108245868
        ],
        [
          0.0,
          0.0,
          0.0,
          1.0
        ]
      ]
    },
    {
      "file_path": "./data\\deerq\\frames/frame01_0024.png",
      "sharpness": 69.63213245524904,
      "transform_matrix": [
        [
          0.3115226030303725,
          -0.15636215758210048,
          0.9372857320464051,
          3.2952243837812554
        ],
        [
          0.9497515298138975,
          0.08281702208915984,
          -0.3018499171251478,
          -1.1425878778090777
        ],
        [
          -0.03042530886707514,
          0.9842216297911403,
          0.17430457266504057,
          0.5683254045585162
        ],
        [
          0.0,
          0.0,
          0.0,
          1.0
        ]
      ]
    },
    {
      "file_path": "./data\\deerq\\frames/frame4h_0009.png",
      "sharpness": 45.40741508423487,
      "transform_matrix": [
        [
          -0.4459216604032905,
          0.8258585989841384,
          -0.3451252631834444,
          -1.2255540500563729
        ],
        [
          -0.8944033349854645,
          -0.3962310781048046,
          0.2074695329700148,
          0.6970518455642913
        ],
        [
          0.034591142718129304,
          0.4011963450040935,
          0.9153387054097177,
          3.6426419913233543
        ],
        [
          0.0,
          0.0,
          0.0,
          1.0
        ]
      ]
    },
    {
      "file_path": "./data\\deerq\\frames/frame01_0025.png",
      "sharpness": 98.7861445435147,
      "transform_matrix": [
        [
          0.2597391475586798,
          -0.14221378952578778,
          0.9551496287569395,
          3.393206010757308
        ],
        [
          0.9652883613280273,
          0.0663599527418795,
          -0.252615787623737,
          -0.8824771684462195
        ],
        [
          -0.02745823577372101,
          0.9876090293031137,
          0.1545135934068067,
          0.5599784655539729
        ],
        [
          0.0,
          0.0,
          0.0,
          1.0
        ]
      ]
    },
    {
      "file_path": "./data\\deerq\\frames/frame01_0026.png",
      "sharpness": 94.09307350608712,
      "transform_matrix": [
        [
          0.20772821973664857,
          -0.14746947684511624,
          0.9670065874358791,
          3.4666430003603184
        ],
        [
          0.9777546124951363,
          0.06067867559615885,
          -0.20078350547889956,
          -0.6283342904397752
        ],
        [
          -0.029067240506268476,
          0.9872035513242277,
          0.15679363444512484,
          0.5517423620910308
        ],
        [
          0.0,
          0.0,
          0.0,
          1.0
        ]
      ]
    },
    {
      "file_path": "./data\\deerq\\frames/frame4h_0003.png",
      "sharpness": 48.232121901348606,
      "transform_matrix": [
        [
          -0.5353757866824069,
          0.3013183677006057,
          -0.7890373934996685,
          -3.405723181676626
        ],
        [
          -0.844560927232294,
          -0.20145493663234734,
          0.4961176762613871,
          2.168478586197282
        ],
        [
          -0.009466109709529581,
          0.93199954389052,
          0.3623358151979422,
          1.7472745078551062
        ],
        [
          0.0,
          0.0,
          0.0,
          1.0
        ]
      ]
    },
    {
      "file_path": "./data\\deerq\\frames/frame01_0027.png",
      "sharpness": 88.13232607641004,
      "transform_matrix": [
        [
          0.17249371729158935,
          -0.14598664147234922,
          0.9741323411256128,
          3.509542148916784
        ],
        [
          0.9846570814479453,
          0.052049941759790455,
          -0.1665570038071973,
          -0.3900432242962443
        ],
        [
          -0.026388434022406457,
          0.9879163446844527,
          0.15272506826150792,
          0.5449984853543575
        ],
        [
          0.0,
          0.0,
          0.0,
          1.0
        ]
      ]
    },
    {
      "file_path": "./data\\deerq\\frames/frame01_0028.png",
      "sharpness": 96.39508693730524,
      "transform_matrix": [
        [
          0.12584417395493114,
          -0.13581755327564976,
          0.9827089274674017,
          3.5189313595216336
        ],
        [
          0.9918081713041255,
          0.039096476349277307,
          -0.12160599027782523,
          -0.22670635188623686
        ],
        [
          -0.021904228277756264,
          0.9899621496701665,
          0.13962502291604614,
          0.5464556250184968
        ],
        [
          0.0,
          0.0,
          0.0,
          1.0
        ]
      ]
    },
    {
      "file_path": "./data\\deerq\\frames/frame22_0022.png",
      "sharpness": 36.44574827668943,
      "transform_matrix": [
        [
          -0.9755606595783026,
          0.050081022157383845,
          0.21394693436254847,
          0.5973848741888925
        ],
        [
          0.09958228268339916,
          -0.76717596920851,
          0.6336595310137461,
          2.3482010910968985
        ],
        [
          0.19586926374171448,
          0.639478634120786,
          0.7434395120281274,
          2.7430849872472076
        ],
        [
          0.0,
          0.0,
          0.0,
          1.0
        ]
      ]
    },
    {
      "file_path": "./data\\deerq\\frames/frame01_0029.png",
      "sharpness": 97.93772243560434,
      "transform_matrix": [
        [
          0.07017055522334543,
          -0.11686414843807123,
          0.9906658690041794,
          3.594765756970392
        ],
        [
          0.9973913881230652,
          0.025071150389082045,
          -0.06768941066464201,
          -0.08145172922177395
        ],
        [
          -0.01692666765153614,
          0.9928314097813004,
          0.1183185517753577,
          0.5430277288752888
        ],
        [
          0.0,
          0.0,
          0.0,
          1.0
        ]
      ]
    },
    {
      "file_path": "./data\\deerq\\frames/frame01_0030.png",
      "sharpness": 102.19188244611999,
      "transform_matrix": [
        [
          0.05135314561639555,
          -0.12388918557171455,
          0.9909663587397871,
          3.5957733837813364
        ],
        [
          0.9983785037192695,
          0.03077155324195285,
          -0.047890237234366834,
          -0.002019526402194865
        ],
        [
          -0.024560491581143602,
          0.9918188248010618,
          0.12526851577256393,
          0.5445319166784702
        ],
        [
          0.0,
          0.0,
          0.0,
          1.0
        ]
      ]
    },
    {
      "file_path": "./data\\deerq\\frames/frame4h_0007.png",
      "sharpness": 66.12509755433518,
      "transform_matrix": [
        [
          -0.4242741164227748,
          0.7249197219670984,
          -0.542662759784686,
          -2.2249135627959262
        ],
        [
          -0.904673352546768,
          -0.31320886849601787,
          0.2889053995467177,
          1.25923785499486
        ],
        [
          0.039466432947112114,
          0.6135076213191464,
          0.7887019711361711,
          3.4563555075767542
        ],
        [
          0.0,
          0.0,
          0.0,
          1.0
        ]
      ]
    },
    {
      "file_path": "./data\\deerq\\frames/frame01_0031.png",
      "sharpness": 102.23553482253618,
      "transform_matrix": [
        [
          0.05061282959391246,
          -0.11645306391463789,
          0.9919057542960948,
          3.6096133366364382
        ],
        [
          0.9984017052074987,
          0.030907323554110033,
          -0.047315667484397084,
          0.00047741876529233066
        ],
        [
          -0.025147097633488727,
          0.9927151763098613,
          0.11783124468926041,
          0.5521810972836827
        ],
        [
          0.0,
          0.0,
          0.0,
          1.0
        ]
      ]
    },
    {
      "file_path": "./data\\deerq\\frames/frame01_0032.png",
      "sharpness": 63.80873456620771,
      "transform_matrix": [
        [
          0.043930382302281655,
          -0.1302055956213879,
          0.990513313590468,
          3.575885102106828
        ],
        [
          0.9987736404634266,
          0.028383933959676033,
          -0.04056559389951585,
          0.01464944321413288
        ],
        [
          -0.02283279716370993,
          0.9910806501905683,
          0.13129283381757365,
          0.5401552834004217
        ],
        [
          0.0,
          0.0,
          0.0,
          1.0
        ]
      ]
    },
    {
      "file_path": "./data\\deerq\\frames/frame22_0042.png",
      "sharpness": 64.16697519684392,
      "transform_matrix": [
        [
          -0.5953477827249356,
          0.6253423647953998,
          -0.5044878040318853,
          -2.240410370554672
        ],
        [
          -0.7899976578833019,
          -0.3411008402740508,
          0.509464343505262,
          2.0954390468264124
        ],
        [
          0.14650842348322984,
          0.7018526508991522,
          0.6970926325063397,
          3.190531545197422
        ],
        [
          0.0,
          0.0,
          0.0,
          1.0
        ]
      ]
    },
    {
      "file_path": "./data\\deerq\\frames/frame01_0033.png",
      "sharpness": 108.07070470869533,
      "transform_matrix": [
        [
          0.019403091827812465,
          -0.11994907533417673,
          0.992590418739931,
          3.620116509271212
        ],
        [
          0.9996729724721367,
          0.018867675766218367,
          -0.01726148660795996,
          0.1189193183160893
        ],
        [
          -0.016657374831921864,
          0.9926007405588485,
          0.12027593993007006,
          0.5377951785062054
        ],
        [
          0.0,
          0.0,
          0.0,
          1.0
        ]
      ]
    },
    {
      "file_path": "./data\\deerq\\frames/frame01_0034.png",
      "sharpness": 85.51601336167843,
      "transform_matrix": [
        [
          -0.017717317578729255,
          -0.11066064124288952,
          0.9937003165732823,
          3.6109608815886025
        ],
        [
          0.9997298742483532,
          0.012991681751859906,
          0.01927160451659242,
          0.3241413574719069
        ],
        [
          -0.015042446383228006,
          0.9937733336658281,
          0.1104005712025166,
          0.5306276419667232
        ],
        [
          0.0,
          0.0,
          0.0,
          1.0
        ]
      ]
    },
    {
      "file_path": "./data\\deerq\\frames/frame22_0036.png",
      "sharpness": 49.1447908792843,
      "transform_matrix": [
        [
          -0.8238387272285749,
          0.49134056466207765,
          -0.2826202417666969,
          -1.1631253114084907
        ],
        [
          -0.547779860227188,
          -0.5619755373961796,
          0.6197747333489573,
          2.4447310489441976
        ],
        [
          0.14569480520108777,
          0.6654081040229698,
          0.7321236772966038,
          3.0804922190947113
        ],
        [
          0.0,
          0.0,
          0.0,
          1.0
        ]
      ]
    },
    {
      "file_path": "./data\\deerq\\frames/frame01_0035.png",
      "sharpness": 105.83232507745159,
      "transform_matrix": [
        [
          -0.07726727185252992,
          -0.1152507271934853,
          0.9903267332563299,
          3.6606552434062514
        ],
        [
          0.99694822722047,
          0.002162833411805966,
          0.0780355969645176,
          0.5494441701614644
        ],
        [
          -0.011135571044429835,
          0.9933340787737692,
          0.11473189192421342,
          0.5179465307314697
        ],
        [
          0.0,
          0.0,
          0.0,
          1.0
        ]
      ]
    },
    {
      "file_path": "./data\\deerq\\frames/frame01_0036.png",
      "sharpness": 108.60203658293854,
      "transform_matrix": [
        [
          -0.10738305600248992,
          -0.11148984553819948,
          0.9879468070932507,
          3.674362465194324
        ],
        [
          0.994209312450381,
          -0.007954513601910077,
          0.10716608022276039,
          0.7180307977123083
        ],
        [
          -0.004089293415982957,
          0.9937337370118582,
          0.11169842265731895,
          0.5165599660669816
        ],
        [
          0.0,
          0.0,
          0.0,
          1.0
        ]
      ]
    },
    {
      "file_path": "./data\\deerq\\frames/frame22_0030.png",
      "sharpness": 61.88460376845397,
      "transform_matrix": [
        [
          -0.960800269529263,
          0.27653819057248097,
          -0.01973502591100458,
          -0.041155526365150075
        ],
        [
          -0.22020261548671632,
          -0.7179428124277683,
          0.6603551515783985,
          2.5639895198740343
        ],
        [
          0.16844479874682516,
          0.6388151119438638,
          0.7506940805332211,
          2.8907550928341483
        ],
        [
          0.0,
          0.0,
          0.0,
          1.0
        ]
      ]
    },
    {
      "file_path": "./data\\deerq\\frames/frame01_0037.png",
      "sharpness": 126.44767415914646,
      "transform_matrix": [
        [
          -0.13812911941837513,
          -0.1226419193659517,
          0.9827915882847458,
          3.6703806438486763
        ],
        [
          0.9904116183573164,
          -0.014825662003908857,
          0.13735001262832472,
          0.8632386453471883
        ],
        [
          -0.0022743332654810485,
          0.992340243757506,
          0.12351383747507409,
          0.5073267366866278
        ],
        [
          0.0,
          0.0,
          0.0,
          1.0
        ]
      ]
    },
    {
      "file_path": "./data\\deerq\\frames/frame01_0038.png",
      "sharpness": 59.72050386625409,
      "transform_matrix": [
        [
          -0.1865459018321849,
          -0.12369643887927943,
          0.9746280406075517,
          3.667291664446897
        ],
        [
          0.9824406332491631,
          -0.026840598771466256,
          0.1846347323733702,
          1.0134206855603114
        ],
        [
          0.0033209413013529296,
          0.991957042057009,
          0.12653141144676466,
          0.4964261252543529
        ],
        [
          0.0,
          0.0,
          0.0,
          1.0
        ]
      ]
    },
    {
      "file_path": "./data\\deerq\\frames/frame22_0040.png",
      "sharpness": 48.93115987272619,
      "transform_matrix": [
        [
          -0.673450249680887,
          0.5857983695197685,
          -0.45089359220668224,
          -1.9668546030499656
        ],
        [
          -0.7284922307392468,
          -0.42232011559013244,
          0.5393929826392877,
          2.2555952145767764
        ],
        [
          0.1255540957809232,
          0.6917268176472249,
          0.7111611482643053,
          3.2048109342821802
        ],
        [
          0.0,
          0.0,
          0.0,
          1.0
        ]
      ]
    },
    {
      "file_path": "./data\\deerq\\frames/frame01_0039.png",
      "sharpness": 88.95291145380855,
      "transform_matrix": [
        [
          -0.22526792241441004,
          -0.11016873777425938,
          0.9680481456873081,
          3.6624648731339153
        ],
        [
          0.974286648869463,
          -0.030019931500651312,
          0.22330322332519387,
          1.1751390766216172
        ],
        [
          0.004459704768205348,
          0.9934594369928929,
          0.11409845793643639,
          0.5066085683130477
        ],
        [
          0.0,
          0.0,
          0.0,
          1.0
        ]
      ]
    },
    {
      "file_path": "./data\\deerq\\frames/frame01_0040.png",
      "sharpness": 92.83835904968757,
      "transform_matrix": [
        [
          -0.24221318661005925,
          -0.11768116410882129,
          0.9630596637106693,
          3.612263831884077
        ],
        [
          0.9702022836757516,
          -0.035872940755001366,
          0.2396260855415328,
          1.3219011602071595
        ],
        [
          0.006348305562456823,
          0.9924032828220021,
          0.12286343345734207,
          0.5066916382430665
        ],
        [
          0.0,
          0.0,
          0.0,
          1.0
        ]
      ]
    },
    {
      "file_path": "./data\\deerq\\frames/frame22_0050.png",
      "sharpness": 30.194326095462035,
      "transform_matrix": [
        [
          -0.25320332420712843,
          0.766366852504866,
          -0.5903981063761621,
          -2.738861315027826
        ],
        [
          -0.9583253299280265,
          -0.11524460514550695,
          0.26140245408796087,
          1.1649123861801771
        ],
        [
          0.1322899793284625,
          0.6319814304127911,
          0.7636090838924098,
          3.563842295946898
        ],
        [
          0.0,
          0.0,
          0.0,
          1.0
        ]
      ]
    },
    {
      "file_path": "./data\\deerq\\frames/frame01_0041.png",
      "sharpness": 62.38661723816635,
      "transform_matrix": [
        [
          -0.24883374284071402,
          -0.12311426917505403,
          0.9606896716264248,
          3.620945468951376
        ],
        [
          0.9685460373001012,
          -0.03222880749671994,
          0.24673848017207237,
          1.4240799639996762
        ],
        [
          0.0005848548271868773,
